#(10,20) (11,20) 0
#(10,21) (11,21) 0
#(10,22) (11,22) 0
#(10,23) (11,23) 0
#(10,24) (11,24) 0
#(10,25) (11,25) 0
#(10,26) (11,26) 0
#(10,27) (11,27) 0
#(10,28) (11,28) 0
#(10,29) (11,29) 0
#(10,30) (11,30) 0
#(10,31) (11,31) 0
#(10,32) (11,32) 0
#(10,33) (11,33) 0
#(10,34) (11,34) 0
#(10,35) (11,35) 0
#(10,36) (11,36) 0
#(10,37) (11,37) 0
#(10,38) (11,38) 0
#(10,39) (11,39) 0
#(10,40) (11,40) 0
#(10,41) (11,41) 0
#(10,42) (11,42) 0
#(10,43) (11,43) 0
#(10,44) (11,44) 0
#(10,45) (11,45) 0
#(10,46) (11,46) 0
#(10,47) (11,47) 0
#(10,48) (11,48) 0
#(10,49) (11,49) 0
#(10,50) (11,50) 0
#(10,51) (11,51) 0
#(10,52) (11,52) 0
#(10,53) (11,53) 0
#(10,54) (11,54) 0
#(10,55) (11,55) 0
#(10,56) (11,56) 0
#(10,57) (11,57) 0
#(10,58) (11,58) 0
#(10,59) (11,59) 0



#(50,20) (51,20) 0
#(50,21) (51,21) 0
#(50,22) (51,22) 0
#(50,23) (51,23) 0
#(50,24) (51,24) 0
#(50,25) (51,25) 0
#(50,26) (51,26) 0
#(50,27) (51,27) 0
#(50,28) (51,28) 0
#(50,29) (51,29) 0
#(50,30) (51,30) 0
#(50,31) (51,31) 0
#(50,32) (51,32) 0
#(50,33) (51,33) 0
#(50,34) (51,34) 0
#(50,35) (51,35) 0
#(50,36) (51,36) 0
#(50,37) (51,37) 0
#(50,38) (51,38) 0
#(50,39) (51,39) 0
#(50,40) (51,40) 0
#(50,41) (51,41) 0
#(50,42) (51,42) 0
#(50,43) (51,43) 0
#(50,44) (51,44) 0
#(50,45) (51,45) 0
#(50,46) (51,46) 0
#(50,47) (51,47) 0
#(50,48) (51,48) 0
#(50,49) (51,49) 0
#(50,50) (51,50) 0
#(50,51) (51,51) 0
#(50,52) (51,52) 0
#(50,53) (51,53) 0
#(50,54) (51,54) 0
#(50,55) (51,55) 0
#(50,56) (51,56) 0
#(50,57) (51,57) 0
#(50,58) (51,58) 0
#(50,59) (51,59) 0


#(50,20) (51,20) 1
#(50,21) (51,21) 1
#(50,22) (51,22) 1
#(50,23) (51,23) 1
#(50,24) (51,24) 1
#(50,25) (51,25) 1
#(50,26) (51,26) 1
#(50,27) (51,27) 1
#(50,28) (51,28) 1
#(50,29) (51,29) 1
#(50,30) (51,30) 1
#(50,31) (51,31) 1
#(50,32) (51,32) 1
#(50,33) (51,33) 1
#(50,34) (51,34) 1
#(50,35) (51,35) 1
#(50,36) (51,36) 1
#(50,37) (51,37) 1
#(50,38) (51,38) 1
#(50,39) (51,39) 1
#(50,40) (51,40) 1
#(50,41) (51,41) 1
#(50,42) (51,42) 1
#(50,43) (51,43) 1
#(50,44) (51,44) 1
#(50,45) (51,45) 1
#(50,46) (51,46) 1
#(50,47) (51,47) 1
#(50,48) (51,48) 1
#(50,49) (51,49) 1
#(50,50) (51,50) 1
#(50,51) (51,51) 1
#(50,52) (51,52) 1
#(50,53) (51,53) 1
#(50,54) (51,54) 1
#(50,55) (51,55) 1
#(50,56) (51,56) 1
#(50,57) (51,57) 1
#(50,58) (51,58) 1
#(50,59) (51,59) 1

#(5,0) (6,0) 0