[CR,(2,2),(39,39)]
[CR,(2,6),(39,39)]
[CR,(2,10),(39,39)]
[CR,(2,14),(39,39)]
[CR,(2,18),(39,39)]
[CR,(2,22),(39,39)]
[CR,(2,26),(39,39)]
[CR,(2,30),(39,39)]
[CR,(2,34),(39,39)]
[CR,(2,38),(39,39)]
[CR,(2,42),(39,39)]
[CR,(2,46),(39,39)]
[CR,(2,50),(39,39)]
[CR,(2,54),(39,39)]
[CR,(2,58),(39,39)]
[CR,(2,62),(39,39)]
[CR,(2,66),(39,39)]
[CR,(2,70),(39,39)]
[CR,(2,74),(39,39)]
[CR,(2,78),(39,39)]
[CR,(6,2),(39,39)]
[CR,(6,6),(39,39)]
[CR,(6,10),(39,39)]
[CR,(6,14),(39,39)]
[CR,(6,18),(39,39)]
[CR,(6,22),(39,39)]
[CR,(6,26),(39,39)]
[CR,(6,30),(39,39)]
[CR,(6,34),(39,39)]
[CR,(6,38),(39,39)]
[CR,(6,42),(39,39)]
[CR,(6,46),(39,39)]
[CR,(6,50),(39,39)]
[CR,(6,54),(39,39)]
[CR,(6,58),(39,39)]
[CR,(6,62),(39,39)]
[CR,(6,66),(39,39)]
[CR,(6,70),(39,39)]
[CR,(6,74),(39,39)]
[CR,(6,78),(39,39)]
[CR,(10,2),(39,39)]
[CR,(10,6),(39,39)]
[CR,(10,10),(39,39)]
[CR,(10,14),(39,39)]
[CR,(10,18),(39,39)]
[CR,(10,22),(39,39)]
[CR,(10,26),(39,39)]
[CR,(10,30),(39,39)]
[CR,(10,34),(39,39)]
[CR,(10,38),(39,39)]
[CR,(10,42),(39,39)]
[CR,(10,46),(39,39)]
[CR,(10,50),(39,39)]
[CR,(10,54),(39,39)]
[CR,(10,58),(39,39)]
[CR,(10,62),(39,39)]
[CR,(10,66),(39,39)]
[CR,(10,70),(39,39)]
[CR,(10,74),(39,39)]
[CR,(10,78),(39,39)]
[CR,(14,2),(39,39)]
[CR,(14,6),(39,39)]
[CR,(14,10),(39,39)]
[CR,(14,14),(39,39)]
[CR,(14,18),(39,39)]
[CR,(14,22),(39,39)]
[CR,(14,26),(39,39)]
[CR,(14,30),(39,39)]
[CR,(14,34),(39,39)]
[CR,(14,38),(39,39)]
[CR,(14,42),(39,39)]
[CR,(14,46),(39,39)]
[CR,(14,50),(39,39)]
[CR,(14,54),(39,39)]
[CR,(14,58),(39,39)]
[CR,(14,62),(39,39)]
[CR,(14,66),(39,39)]
[CR,(14,70),(39,39)]
[CR,(14,74),(39,39)]
[CR,(14,78),(39,39)]
[CR,(18,2),(39,39)]
[CR,(18,6),(39,39)]
[CR,(18,10),(39,39)]
[CR,(18,14),(39,39)]
[CR,(18,18),(39,39)]
[CR,(18,22),(39,39)]
[CR,(18,26),(39,39)]
[CR,(18,30),(39,39)]
[CR,(18,34),(39,39)]
[CR,(18,38),(39,39)]
[CR,(18,42),(39,39)]
[CR,(18,46),(39,39)]
[CR,(18,50),(39,39)]
[CR,(18,54),(39,39)]
[CR,(18,58),(39,39)]
[CR,(18,62),(39,39)]
[CR,(18,66),(39,39)]
[CR,(18,70),(39,39)]
[CR,(18,74),(39,39)]
[CR,(18,78),(39,39)]
[CR,(22,2),(39,39)]
[CR,(22,6),(39,39)]
[CR,(22,10),(39,39)]
[CR,(22,14),(39,39)]
[CR,(22,18),(39,39)]
[CR,(22,22),(39,39)]
[CR,(22,26),(39,39)]
[CR,(22,30),(39,39)]
[CR,(22,34),(39,39)]
[CR,(22,38),(39,39)]
[CR,(22,42),(39,39)]
[CR,(22,46),(39,39)]
[CR,(22,50),(39,39)]
[CR,(22,54),(39,39)]
[CR,(22,58),(39,39)]
[CR,(22,62),(39,39)]
[CR,(22,66),(39,39)]
[CR,(22,70),(39,39)]
[CR,(22,74),(39,39)]
[CR,(22,78),(39,39)]
[CR,(26,2),(39,39)]
[CR,(26,6),(39,39)]
[CR,(26,10),(39,39)]
[CR,(26,14),(39,39)]
[CR,(26,18),(39,39)]
[CR,(26,22),(39,39)]
[CR,(26,26),(39,39)]
[CR,(26,30),(39,39)]
[CR,(26,34),(39,39)]
[CR,(26,38),(39,39)]
[CR,(26,42),(39,39)]
[CR,(26,46),(39,39)]
[CR,(26,50),(39,39)]
[CR,(26,54),(39,39)]
[CR,(26,58),(39,39)]
[CR,(26,62),(39,39)]
[CR,(26,66),(39,39)]
[CR,(26,70),(39,39)]
[CR,(26,74),(39,39)]
[CR,(26,78),(39,39)]
[CR,(30,2),(39,39)]
[CR,(30,6),(39,39)]
[CR,(30,10),(39,39)]
[CR,(30,14),(39,39)]
[CR,(30,18),(39,39)]
[CR,(30,22),(39,39)]
[CR,(30,26),(39,39)]
[CR,(30,30),(39,39)]
[CR,(30,34),(39,39)]
[CR,(30,38),(39,39)]
[CR,(30,42),(39,39)]
[CR,(30,46),(39,39)]
[CR,(30,50),(39,39)]
[CR,(30,54),(39,39)]
[CR,(30,58),(39,39)]
[CR,(30,62),(39,39)]
[CR,(30,66),(39,39)]
[CR,(30,70),(39,39)]
[CR,(30,74),(39,39)]
[CR,(30,78),(39,39)]
[CR,(34,2),(39,39)]
[CR,(34,6),(39,39)]
[CR,(34,10),(39,39)]
[CR,(34,14),(39,39)]
[CR,(34,18),(39,39)]
[CR,(34,22),(39,39)]
[CR,(34,26),(39,39)]
[CR,(34,30),(39,39)]
[CR,(34,34),(39,39)]
[CR,(34,38),(39,39)]
[CR,(34,42),(39,39)]
[CR,(34,46),(39,39)]
[CR,(34,50),(39,39)]
[CR,(34,54),(39,39)]
[CR,(34,58),(39,39)]
[CR,(34,62),(39,39)]
[CR,(34,66),(39,39)]
[CR,(34,70),(39,39)]
[CR,(34,74),(39,39)]
[CR,(34,78),(39,39)]
[CR,(38,2),(39,39)]
[CR,(38,6),(39,39)]
[CR,(38,10),(39,39)]
[CR,(38,14),(39,39)]
[CR,(38,18),(39,39)]
[CR,(38,22),(39,39)]
[CR,(38,26),(39,39)]
[CR,(38,30),(39,39)]
[CR,(38,34),(39,39)]
[CR,(38,38),(39,39)]
[CR,(38,42),(39,39)]
[CR,(38,46),(39,39)]
[CR,(38,50),(39,39)]
[CR,(38,54),(39,39)]
[CR,(38,58),(39,39)]
[CR,(38,62),(39,39)]
[CR,(38,66),(39,39)]
[CR,(38,70),(39,39)]
[CR,(38,74),(39,39)]
[CR,(38,78),(39,39)]
[CR,(42,2),(39,39)]
[CR,(42,6),(39,39)]
[CR,(42,10),(39,39)]
[CR,(42,14),(39,39)]
[CR,(42,18),(39,39)]
[CR,(42,22),(39,39)]
[CR,(42,26),(39,39)]
[CR,(42,30),(39,39)]
[CR,(42,34),(39,39)]
[CR,(42,38),(39,39)]
[CR,(42,42),(39,39)]
[CR,(42,46),(39,39)]
[CR,(42,50),(39,39)]
[CR,(42,54),(39,39)]
[CR,(42,58),(39,39)]
[CR,(42,62),(39,39)]
[CR,(42,66),(39,39)]
[CR,(42,70),(39,39)]
[CR,(42,74),(39,39)]
[CR,(42,78),(39,39)]
[CR,(46,2),(39,39)]
[CR,(46,6),(39,39)]
[CR,(46,10),(39,39)]
[CR,(46,14),(39,39)]
[CR,(46,18),(39,39)]
[CR,(46,22),(39,39)]
[CR,(46,26),(39,39)]
[CR,(46,30),(39,39)]
[CR,(46,34),(39,39)]
[CR,(46,38),(39,39)]
[CR,(46,42),(39,39)]
[CR,(46,46),(39,39)]
[CR,(46,50),(39,39)]
[CR,(46,54),(39,39)]
[CR,(46,58),(39,39)]
[CR,(46,62),(39,39)]
[CR,(46,66),(39,39)]
[CR,(46,70),(39,39)]
[CR,(46,74),(39,39)]
[CR,(46,78),(39,39)]
[CR,(50,2),(39,39)]
[CR,(50,6),(39,39)]
[CR,(50,10),(39,39)]
[CR,(50,14),(39,39)]
[CR,(50,18),(39,39)]
[CR,(50,22),(39,39)]
[CR,(50,26),(39,39)]
[CR,(50,30),(39,39)]
[CR,(50,34),(39,39)]
[CR,(50,38),(39,39)]
[CR,(50,42),(39,39)]
[CR,(50,46),(39,39)]
[CR,(50,50),(39,39)]
[CR,(50,54),(39,39)]
[CR,(50,58),(39,39)]
[CR,(50,62),(39,39)]
[CR,(50,66),(39,39)]
[CR,(50,70),(39,39)]
[CR,(50,74),(39,39)]
[CR,(50,78),(39,39)]
[CR,(54,2),(39,39)]
[CR,(54,6),(39,39)]
[CR,(54,10),(39,39)]
[CR,(54,14),(39,39)]
[CR,(54,18),(39,39)]
[CR,(54,22),(39,39)]
[CR,(54,26),(39,39)]
[CR,(54,30),(39,39)]
[CR,(54,34),(39,39)]
[CR,(54,38),(39,39)]
[CR,(54,42),(39,39)]
[CR,(54,46),(39,39)]
[CR,(54,50),(39,39)]
[CR,(54,54),(39,39)]
[CR,(54,58),(39,39)]
[CR,(54,62),(39,39)]
[CR,(54,66),(39,39)]
[CR,(54,70),(39,39)]
[CR,(54,74),(39,39)]
[CR,(54,78),(39,39)]
[CR,(58,2),(39,39)]
[CR,(58,6),(39,39)]
[CR,(58,10),(39,39)]
[CR,(58,14),(39,39)]
[CR,(58,18),(39,39)]
[CR,(58,22),(39,39)]
[CR,(58,26),(39,39)]
[CR,(58,30),(39,39)]
[CR,(58,34),(39,39)]
[CR,(58,38),(39,39)]
[CR,(58,42),(39,39)]
[CR,(58,46),(39,39)]
[CR,(58,50),(39,39)]
[CR,(58,54),(39,39)]
[CR,(58,58),(39,39)]
[CR,(58,62),(39,39)]
[CR,(58,66),(39,39)]
[CR,(58,70),(39,39)]
[CR,(58,74),(39,39)]
[CR,(58,78),(39,39)]
[CR,(62,2),(39,39)]
[CR,(62,6),(39,39)]
[CR,(62,10),(39,39)]
[CR,(62,14),(39,39)]
[CR,(62,18),(39,39)]
[CR,(62,22),(39,39)]
[CR,(62,26),(39,39)]
[CR,(62,30),(39,39)]
[CR,(62,34),(39,39)]
[CR,(62,38),(39,39)]
[CR,(62,42),(39,39)]
[CR,(62,46),(39,39)]
[CR,(62,50),(39,39)]
[CR,(62,54),(39,39)]
[CR,(62,58),(39,39)]
[CR,(62,62),(39,39)]
[CR,(62,66),(39,39)]
[CR,(62,70),(39,39)]
[CR,(62,74),(39,39)]
[CR,(62,78),(39,39)]
[CR,(66,2),(39,39)]
[CR,(66,6),(39,39)]
[CR,(66,10),(39,39)]
[CR,(66,14),(39,39)]
[CR,(66,18),(39,39)]
[CR,(66,22),(39,39)]
[CR,(66,26),(39,39)]
[CR,(66,30),(39,39)]
[CR,(66,34),(39,39)]
[CR,(66,38),(39,39)]
[CR,(66,42),(39,39)]
[CR,(66,46),(39,39)]
[CR,(66,50),(39,39)]
[CR,(66,54),(39,39)]
[CR,(66,58),(39,39)]
[CR,(66,62),(39,39)]
[CR,(66,66),(39,39)]
[CR,(66,70),(39,39)]
[CR,(66,74),(39,39)]
[CR,(66,78),(39,39)]
[CR,(70,2),(39,39)]
[CR,(70,6),(39,39)]
[CR,(70,10),(39,39)]
[CR,(70,14),(39,39)]
[CR,(70,18),(39,39)]
[CR,(70,22),(39,39)]
[CR,(70,26),(39,39)]
[CR,(70,30),(39,39)]
[CR,(70,34),(39,39)]
[CR,(70,38),(39,39)]
[CR,(70,42),(39,39)]
[CR,(70,46),(39,39)]
[CR,(70,50),(39,39)]
[CR,(70,54),(39,39)]
[CR,(70,58),(39,39)]
[CR,(70,62),(39,39)]
[CR,(70,66),(39,39)]
[CR,(70,70),(39,39)]
[CR,(70,74),(39,39)]
[CR,(70,78),(39,39)]
[CR,(74,2),(39,39)]
[CR,(74,6),(39,39)]
[CR,(74,10),(39,39)]
[CR,(74,14),(39,39)]
[CR,(74,18),(39,39)]
[CR,(74,22),(39,39)]
[CR,(74,26),(39,39)]
[CR,(74,30),(39,39)]
[CR,(74,34),(39,39)]
[CR,(74,38),(39,39)]
[CR,(74,42),(39,39)]
[CR,(74,46),(39,39)]
[CR,(74,50),(39,39)]
[CR,(74,54),(39,39)]
[CR,(74,58),(39,39)]
[CR,(74,62),(39,39)]
[CR,(74,66),(39,39)]
[CR,(74,70),(39,39)]
[CR,(74,74),(39,39)]
[CR,(74,78),(39,39)]
[CR,(78,2),(39,39)]
[CR,(78,6),(39,39)]
[CR,(78,10),(39,39)]
[CR,(78,14),(39,39)]
[CR,(78,18),(39,39)]
[CR,(78,22),(39,39)]
[CR,(78,26),(39,39)]
[CR,(78,30),(39,39)]
[CR,(78,34),(39,39)]
[CR,(78,38),(39,39)]
[CR,(78,42),(39,39)]
[CR,(78,46),(39,39)]
[CR,(78,50),(39,39)]
[CR,(78,54),(39,39)]
[CR,(78,58),(39,39)]
[CR,(78,62),(39,39)]
[CR,(78,66),(39,39)]
[CR,(78,70),(39,39)]
[CR,(78,74),(39,39)]
[CR,(78,78),(39,39)]
