输入内容:-{(    0003,0),(2,7),(1     2,3),(567,2)}+{(3,1),(-5,3),(-299,5)}-          {(-199,2),(2  9,3),(-1 9  9,00004),(01      0,7),(04      0,5)}
输出结果:{(-3,0),(3,1),(-368,2),(-46,3),(199,4),(-339,5),(-12,7)}

输入内容:-{(    0003,0),(2,2),(1     2,3),(567,2)}+{(3,1),(-5,3),(-299,5)}-          {(-199,2),(2  9,3),(-1 9  9,00004),(01      0,7),(04      0,5)}
输出结果:ERROR
	#非法输入-单个多项式内次数重复

输入内容:,-{(    0003,0),(2,7),(1     2,3),(567,2)}+{(3,1),(-5,3),(-299,5)}-          {(-199,2),(2  9,3),(-1 9  9,00004),(01      0,7),(04      0,5)}
输出结果:ERROR
	#非法输入-开头不对

输入内容:-{(    0003,0),(2,7),(1     2,3),(567,2)}+{(3,1),(-5,3),(-299,5)}-          {(-199,2),(2  9,3),(-1 9  9,00004),(01      0,7),(04      0,5)}+,
输出结果:ERROR
	#非法输入-结尾不对

输入内容:-{(    0003,0),(2,7),(1     2,3),(567,2)}+{(3,1),(-5,3),(-299,5)}-    2,3      {(-199,2),(2  9,3),(-1 9  9,00004),(01      0,7),(04      0,5)}
输出结果:ERROR
	#非法组合-数字不在小括号内

输入内容:-{(    0003,0),(2,7),(1     2,3),(567,2)}+(3,1),(-5,3),(-299,5)-          {(-199,2),(2  9,3),(-1 9  9,00004),(01      0,7),(04      0,5)}
输出结果:ERROR
	#非法输入-未检测到大括号

输入内容:-{{(    0003,0),(2,7),(1     2,3),(567,2)}}+{(3,1),(-5,3),(-299,5)}-          {(-199,2),(2  9,3),(-1 9  9,00004),(01      0,7),(04      0,5)}
输出结果:ERROR
	#左大括号嵌套

输入内容:-{(    0003,0),((2,7)),(1     2,3),(567,2)}+{(3,1),(-5,3),(-299,5)}-      ,    {(-199,2),(2  9,3),(-1 9  9,00004),(01      0,7),(04      0,5)}
输出结果:ERROR
	#左小括号嵌套

输入内容:-  {(  0003,0),(2,7),(1     2,3),(567,2)}+{(3,1),(-5,3),(-299,5)}-  )        {(-199,2),(2  9,3),(-1 9  9,00004),(01      0,7),(04      0,5)}
输出结果:ERROR
	#右括号不匹配

输入内容:-  {(  0003,0),(2,7),(1     2,3),(567,2)}+{(3,1),(-5,3),(-299,5)}-   {(2,3}       {(-199,2),(2  9,3),(-1 9  9,00004),(01      0,7),(04      0,5)}
输出结果:ERROR
	#右大括号不匹配

输入内容:-adpg{(    0003,0),(2,7),(1     2,3),(567,2)}+{(3,1),(-5,3),(-299,5)}-          {(-199,2),(2  9,3),(-1 9  9,00004),(01      0,7),(04      0,5)}
输出结果:ERROR
	#非法字符

输入内容:-{(    0003,-1),(2,7),(1     2,3),(567,2)}+{(3,1),(-5,3),(-299,5)}-          {(-199,2),(2  9,3),(-1 9  9,00004),(01      0,7),(04      0,5)}
输出结果:ERROR
	#非法指数输入

输入内容:-{(    0003,0),(2,7),(1     2,3),(5613137,2)}+{(3,1),(-5,3),(-299,5)}-          {(-199,2),(2  9,3),(-1 9  9,00004),(01      0,7),(04      0,5)}
输出结果:ERROR
	#数字超长

输入内容:-{(    0003,0),(2+,1-7),(1     2,3),(567,2)}+{(3,1),(-5,3),(-299,5)}-          {(-199,2),(2  9,3),(-1 9  9,00004),(01      0,7),(04      0,5)}
输出结果:ERROR
	#非法组合-数字掺杂其他字符

输入内容:-{(    0003,0),(2,),(1     2,3),(567,2)}+{(3,1),(-5,3),(-299,5)}-          {(-199,2),(2  9,3),(-1 9  9,00004),(01      0,7),(04      0,5)}
输出结果:ERROR
	#非法组合-缺少数字

输入内容:-{(    0003,0),(,7),(1     2,3),(567,2)}+{(3,1),(-5,3),(-299,5)}-          {(-199,2),(2  9,3),(-1 9  9,00004),(01      0,7),(04      0,5)}
输出结果:ERROR
	#非法组合-缺少数字


输入内容:-{(    0003,0),(2,7,3),(1     2,3),(567,2)}+{(3,1),(-5,3),(-299,5)}-          {(-199,2),(2  9,3),(-1 9  9,00004),(01      0,7),(04      0,5)}
输出结果:ERROR
	#非法组合-小括号内逗号有问题


输入内容:-{(    0003,0),(2,7)+(1     2,3),(567,2)}+{(3,1),(-5,3),(-299,5)}-          {(-199,2),(2  9,3),(-1 9  9,00004),(01      0,7),(04      0,5)}
输出结果:ERROR
	#非法组合-小括号之间连接符错误

输入内容:-{(    0003,0),(2,7),,(1     2,3),(567,2)}+{(3,1),(-5,3),(-299,5)}-          {(-199,2),(2  9,3),(-1 9  9,00004),(01      0,7),(04      0,5)}
输出结果:ERROR
	#非法组合-小括号之间连接符错误

输入内容:-{(    0003,0),(2,7),(1     2,3),(567,2)},{(3,1),(-5,3),(-299,5)}-          {(-199,2),(2  9,3),(-1 9  9,00004),(01      0,7),(04      0,5)}
输出结果:ERROR
	#非法组合-大括号之间连接符错误

输入内容:--{(    0003,0),(2,7),(1     2,3),(567,2)}+{(3,1),(-5,3),(-299,5)}-          {(-199,2),(2  9,3),(-1 9  9,00004),(01      0,7),(04      0,5)}
输出结果:ERROR
	#非法组合-运算符重叠

输入内容:+-{(    0003,0),(2,7),(1     2,3),(567,2)}+{(3,1),(-5,3),(-299,5)}-          {(-199,2),(2  9,3),(-1 9  9,00004),(01      0,7),(04      0,5)}
输出结果:ERROR
	#非法组合-运算符重叠

输入内容:-+{(    0003,0),(2,7),(1     2,3),(567,2)}+{(3,1),(-5,3),(-299,5)}-          {(-199,2),(2  9,3),(-1 9  9,00004),(01      0,7),(04      0,5)}
输出结果:ERROR
	#非法组合-运算符重叠

输入内容:-{(    0003,0),(2,+-7),(1     2,3),(567,2)}+{(3,1),(-5,3),(-299,5)}-          {(-199,2),(2  9,3),(-1 9  9,00004),(01      0,7),(04      0,5)}
输出结果:ERROR
	#非法组合-运算符重叠

输入内容:-{(    0003,0),(2,+2),(1     2,3),(567,2)}+{(3,1),(-5,3),(-299,5)}-          {(-199,2),(2  9,3),(-1 9  9,00004),(01      0,7),(04      0,5)}
输出结果:ERROR
	#非法输入-单个多项式内次数重复

输入内容:{,(2,3)}+{(2,3)}
输出结果：ERROR
	#非法组合-项数不足

输入内容:{(1,2),(2,3),(3,4),(4,5),(5,6),(6,7),(7,8),(8,9),(9,10),(10,11),(11,12),(12,13),(13,14),(14,15),(15,16),(16,17),(17,18),(18,19),(19,20),(20,21),(21,22),(22,23),(23,24),(24,25),(25,26),(26,27),(27,28),(28,29),(29,30),(30,31),(31,32),(32,33),(33,34),(34,35),(35,36),(36,37),(37,38),(38,39),(39,40),(40,41),(41,42),(42,43),(43,44),(44,45),(45,46),(46,47),(47,48),(48,49),(49,50),(50,51),(51,52),(52,53),(53,54),(54,55),(55,56),(56,57),(57,58),(58,59),(59,60)}
输出结果：ERROR
	#多项式内项数过多

输入内容:{(1,2)}+{(2,3)}+{(3,4)}+{(4,5)}+{(5,6)}+{(6,7)}+{(7,8)}+{(8,9)}+{(9,10)}+{(10,11)}+{(11,12)}+{(12,13)}+{(13,14)}+{(14,15)}+{(15,16)}+{(16,17)}+{(17,18)}+{(18,19)}+{(19,20)}+{(20,21)}+{(21,22)}+{(22,23)}+{(23,24)}+{(24,25)}
输出结果:ERROR
	#多项式个数过多




-{(3,0), (2,2), (12,3)} + {(3,1), (-5,3)} - {(-199,2), (29,3),(10,7)} 
//{(-3,0),(3,1),(197,2),(-46,3),(-10,7)}

-{(3,0), (2,2), (12,3)} + {(3,0), (12,3)} - {(-2,3), (29,5),(10, 7)}  
//{(-2,2),(2,3),(-29,5),(-10,7)}


-{(3,0), (2,2), (12,3)} + {(3,0), (12,3)} - {(-2,2), (29,5),(10, 7)}  
//{(-29,5),(-10,7)}

-{(3,0), (2,2), (12,3)} + {(3,0), (12,3)} - {(-2,2)}  
//0

-{(3,0), (2,2), (12,3)} + {(3,0), (-5,3)} - {(-199,2), (29,3),(10,7)}
//{(197,2),(-46,3),(-10,7)}

-{(3456465465,0), (2,2), (12,3)} + {(3,0), (-5,3)} - {(-199,2), (29,3),(10,7)}
//The number is too large

-{(3,0), (2,2), (12,3)} + {(3,0), (-5,3)} - {(-199,2), (29,3),(10,7)}-{(3,0), (2,2), (12,3)} + {(3,0), (-5,3)} - {(-199,2), (29,3),(10,7)}-{(3,0), (2,2), (12,3)} + {(3,0), (-5,3)} - {(-199,2), (29,3),(10,7)}-{(3,0), (2,2), (12,3)} + {(3,0), (-5,3)} - {(-199,2), (29,3),(10,7)}-{(3,0), (2,2), (12,3)} + {(3,0), (-5,3)} - {(-199,2), (29,3),(10,7)}-{(3,0), (2,2), (12,3)} + {(3,0), (-5,3)} - {(-199,2), (29,3),(10,7)}-{(3,0), (2,2), (12,3)} + {(3,0), (-5,3)} - {(-199,2), (29,3),(10,7)}
//#Too many polynomials

-{(3,0), (2,2), (12,3)} + {(3,0), (-5,3)} - {(-199,2), (29,3),(10,7), (29,3),(10,7), (29,3),(10,7), (29,3), (29,3),(10,7), (29,3),(10,7), (29,3),(10,7), (29,3), (29,3),(10,7), (29,3),(10,7), (29,3),(10,7), (29,3), (29,3),(10,7), (29,3),(10,7), (29,3),(10,7), (29,3), (29,3),(10,7), (29,3),(10,7), (29,3),(10,7), (29,3), (29,3),(10,7), (29,3),(10,7), (29,3),(10,7), (29,3), (29,3),(10,7), (29,3),(10,7), (29,3),(10,7), (29,3), (29,3),(10,7), (29,3),(10,7), (29,3),(10,7), (29,3), (29,3) } 
Exception in thread "main" java.lang.NullPointerException
	at Poly.extend(ComputePoly.java:60)
	at ComputePoly.parsePoly(ComputePoly.java:158)
	at ComputePoly.main(ComputePoly.java:234)
//项太多

-{(3,0), (2,2), (12,3)} + {(3,0), (-5,3)} - {(-199,2), (29,3),(10,7),(-199,2)}
//Polynomials with items of the same degree


-{(3,0), (2,2), (12,3)} + {(3,0), (-5,3)} - {(-199,2), (29,3),(10,7),(10,7)}
//Polynomials with items of the same degree


-{(3,0), (2,2), (12,3)}  {(3,0), (12,3)}  {(-2,2), (29,5),(10, 7)}  
//ERROR

{(89,-0)}
//Illegal Input